results:
  mean_ocr_acc: 57.65
  mean_psnr: 19.55112386494875
  mean_ssim: 0.5496704761439335
  std_psnr: 0.3975507057344868
  std_ssim: 0.005954131500172482
settings:
  num_test_images: 20
