results:
  mean_ocr_acc: 45.7
  mean_psnr: 18.599027287214994
  mean_ssim: 0.5429234841534569
  std_psnr: 0.3361781912202197
  std_ssim: 0.0063121831048865915
settings:
  num_test_images: 20
