results:
  mean_ocr_acc: 81.5
  mean_psnr: 21.782949317246675
  mean_ssim: 0.5500344882139984
  std_psnr: 0.6852225802036818
  std_ssim: 0.010583195467224103
settings:
  num_test_images: 20
