results:
  mean_ocr_acc: 73.2
  mean_psnr: 20.996540766209364
  mean_ssim: 0.5685601452016636
  std_psnr: 0.37213168821956805
  std_ssim: 0.00718434023068335
settings:
  num_test_images: 20
