results:
  mean_ocr_acc: 83.95
  mean_psnr: 22.028225135058165
  mean_ssim: 0.5584450806125025
  std_psnr: 0.4628652319271339
  std_ssim: 0.004812857567713353
settings:
  num_test_images: 20
