results:
  mean_ocr_acc: 80.8
  mean_psnr: 21.615069907158613
  mean_ssim: 0.5564301084869175
  std_psnr: 0.507286205759287
  std_ssim: 0.0051075191723771755
settings:
  num_test_images: 20
