results:
  mean_ocr_acc: 79.75
  mean_psnr: 21.37021429091692
  mean_ssim: 0.5551066733270578
  std_psnr: 0.4024897091910969
  std_ssim: 0.004513635158408058
settings:
  num_test_images: 20
