results:
  mean_ocr_acc: 86.4
  mean_psnr: 20.80291572213173
  mean_ssim: 0.5380652220898143
  std_psnr: 2.3041900059562046
  std_ssim: 0.030828342510301292
settings:
  num_test_images: 20
