results:
  mean_ocr_acc: 91.75
  mean_psnr: 22.165569711476564
  mean_ssim: 0.5619842862031654
  std_psnr: 1.7908774486732673
  std_ssim: 0.009322236963119585
settings:
  num_test_images: 20
