results:
  mean_ocr_acc: 92.45
  mean_psnr: 22.164756048470736
  mean_ssim: 0.5619827848668464
  std_psnr: 1.7943854868592644
  std_ssim: 0.009328483819620727
settings:
  num_test_images: 20
