results:
  mean_ocr_acc: 81.6
  mean_psnr: 18.555209822952747
  mean_ssim: 0.5425914471684469
  std_psnr: 0.4540839173014385
  std_ssim: 0.008216639528530544
settings:
  num_test_images: 20
