results:
  mean_ocr_acc: 77.8
  mean_psnr: 21.30245505273342
  mean_ssim: 0.5732274258504566
  std_psnr: 0.4217340857231964
  std_ssim: 0.00857318299567594
settings:
  num_test_images: 20
