results:
  mean_ocr_acc: 70.25
  mean_psnr: 21.07569033280015
  mean_ssim: 0.5733211203927413
  std_psnr: 0.4747182743885799
  std_ssim: 0.006561021498486989
settings:
  num_test_images: 20
