results:
  mean_ocr_acc: 29.25
  mean_psnr: 16.836479894816875
  mean_ssim: 0.5260014834280475
  std_psnr: 0.5287754629965729
  std_ssim: 0.009453482480346838
settings:
  num_test_images: 20
