results:
  mean_ocr_acc: 88.9
  mean_psnr: 22.686642937362194
  mean_ssim: 0.5651480516217827
  std_psnr: 0.41410676479303843
  std_ssim: 0.0038029381082158383
settings:
  num_test_images: 20
